res :

Test Accuracy: 0.8874700718276137
Precision: 0.9
Recall: 0.06040268456375839
F1-Score: 0.11320754716981132